160906_x100
1 1 3 7 3
2 13 3 19 3
3 2 3 8 3
4 14 3 20 3
5 3 3 9 3
6 15 3 21 3
7 4 3 10 3
8 16 3 22 3
9 5 3 11 3
10 17 3 23 3
11 6 3 12 3
12 18 3 24 3
160902_x1
1 1 6 7 6
2 13 6 19 6
3 2 6 8 6
4 14 6 20 6
5 3 6 9 6
6 15 6 21 6
7 4 6 10 6 
8 16 6 22 6
9 5 6 11 6
10 17 6 23 6
11 6 6 12 6
12 18 6 24 6
160826_m1
1 1 4 7 4
2 14 4 19 4
3 2 4 8 4
4 13 4 20 4
5 3 4 9 4
6 15 4 21 4
7 4 4 10 4
8 16 4 22 4
9 5 4 11 4
10 17 4 23 4
11 6 4 12 4
12 18 4 24 4
160819_f100
1 1 1 7 1
2 13 1 19 1
3 2 1 8 1
4 14 1 20 1
5 3 1 9 1
6 15 1 21 1
7 4 1 10 1
8 16 1 22 1
9 5 1 11 1
10 17 1 23 1
11 6 1 12 1
12 18 1 24 1
160831_m1r
1 1 5 7 5
2 14 5 19 5
3 2 5 8 5
4 13 5 20 5
5 3 5 9 5
6 15 5 21 5
7 4 5 10 5
8 16 5 22 5
9 5 5 11 5 
10 17 5 23 5
11 6 5 12 5
12 18 5 24 5
