Bcl-xl_100nM
1 1 1 7 1 13 1 19 1
2 2 1 8 1 14 1
3 3 1 20 1
4 9 1 9 7
5 15 1 15 7
6 21 1 21 7
7 4 1 10 1
8 16 1 22 1
9 5 1 11 1
10 17 1 17 7 23 1
11 6 1 6 7  12 1
12 18 1 24 1 24 7
BCL-xl_1nM
1 1 4 7 4 13 4 19 4 2 4
2 8 4 14 4 14 7 20 4
3 3 4 9 4
4 15 4 21 4
5 4 4 10 4
6 16 4 22 4
7 5 4 11 4
8 17 4 23 4
9 6 4
10 12 4
11 18 4
12 24 4
Mcl1_100nM
1 1 2 7 2 7 7
2 13 2 19 2
3 2 2 8 2
4 14 2 20 2
5 3 2 9 2
6 15 2 21 2
7 4 2 10 2
8 16 2 22 2
9 5 2 11 2 5 7
10 17 2 23 2 23 7
11 6 2 12 2 12 7
12 18 2 24 2 18 7
Mcl1_1nM
1 1 6 7 6 13 6 13 7
2 19 6 2 6 2 7 8 6
3 14 6 20 6
4 3 6 9 6
5 15 6
6 21 6
7 4 6 10 6
8 16 6 22 6
9 5 6 11 6
10 17 6 23 6
11 6 6 12 6
12 3 7 18 6 24 6
BFL1_100nM
1 1 3 7 3 13 3 1 7
2 2 3 8 3 19 3
3 14 3 20 3
4 3 3 9 3
5 15 3 21 3
6 4 3 10 3
7 16 3 22 3
8 5 3 11 3
9 17 3 23 3
10 6 3 12 3
11 18 3
12 24 3
Bfl1_1nM
1 1 5 2 5 7 5 13 5 19 5 19 7
2 8 5 14 5 20 5 8 7
3 3 5 9 5
4 15 5 21 5
5 4 5 10 5
6 16 5 22 5
7 5 5 11 5
8 17 5 23 5
9 6 5
10 12 5
11 18 5
12 24 5
Naive_Pool
1 4 7 10 7 16 7 22 7
